0.017
0.009
0.017
0.018
0.018
0.016
0.018
0.019
0.018
0.018
0.018
0.018
0.019
0.018
0.018
0.018
0.019
0.018
0.017
0.017
0.019
0.015
0.018
0.019
0.019
0.018
0.018
0.018
0.019
0.018
0.016
0.018
0.018
0.018
0.018
0.015
0.018
0.019
0.018
0.018
0.018
0.015
0.019
0.018
0.018
0.015
0.018
0.019
0.018
0.018
0.018
0.019
0.018
0.018
0.022
0.015
0.014
0.017
0.017
0.015
0.018
0.016
0.024
0.022
0.027
0.015
0.017
0.019
0.020
0.013
0.018
0.018
0.015
0.013
0.017
0.018
0.020
0.016
0.018
0.016
0.016
0.017
0.018
0.018
0.018
0.019
0.019
0.019
0.017
0.018
0.015
0.018
0.018
0.018
0.019
0.018
0.018
0.017
0.019
0.018
0.018
0.018
0.018
0.018
0.019
0.018
0.018
0.019
0.018
0.017
0.019
0.018
0.018
0.018
0.018
0.019
0.018
0.018
0.018
0.018
0.018
0.018
0.018
0.018
0.018
0.018
0.015
0.015
0.018
0.018
0.018
0.017
0.018
0.018
0.018
0.018
0.017
0.018
0.018
0.019
0.017
0.013
0.008
0.016
0.018
0.020
0.017
0.018
0.017
0.014
0.018
0.018
0.018
0.018
0.017
0.018
0.015
0.019
0.018
0.018
0.018
0.018
0.018
0.017
0.016
0.030
0.014
0.024
0.014
0.017
0.018
0.025
0.021
0.025
0.015
0.017
0.016
0.017
0.023
0.015
0.017
0.021
0.019
0.019
0.015
0.031
0.022
0.021
0.018
0.015
0.017
0.022
0.030
0.023
0.022
0.018
0.020
0.016
0.016
0.031
0.022
0.028
0.016
0.016
0.020
0.020
0.017
0.015
0.010
0.011
0.017
0.018
0.018
0.018
0.019
0.019
0.018
0.017
0.018
0.018
0.019
0.019
0.018
0.015
0.017
0.018
0.018
0.016
0.018
0.016
0.016
0.017
0.016
0.018
0.016
0.018
0.016
0.018
0.019
0.018
0.018
0.018
0.018
0.017
0.019
0.018
0.019
0.018
0.018
0.018
0.015
0.016
0.019
0.018
0.018
0.018
0.019
0.018
0.019
0.018
0.016
0.015
0.018
0.015
0.018
0.018
0.018
0.019
0.018
0.017
0.018
0.019
0.017
0.019
0.018
0.018
0.019
0.019
0.018
0.017
0.017
0.017
0.010
0.018
0.018
0.023
0.021
0.020
0.017
0.027
0.019
0.022
0.020
0.023
0.031
0.027
0.019
0.033
0.033
0.028
0.021
0.032
0.021
0.026
0.032
0.024
0.026
0.019
0.044
0.023
0.022
0.027
0.023
0.027
0.021
0.019
0.025
0.033
0.019
0.024
0.029
0.026
0.019
0.021
0.030
0.022
0.024
0.025
0.021
0.027
0.027
0.019
0.023
0.023
0.029
0.022
0.018
0.020
0.021
0.017
0.032
0.036
0.020
0.020
0.030
0.025
0.020
0.032
0.032
0.023
0.024
0.029
0.025
0.016
0.039
0.022
0.023
0.022
0.020
0.028
0.029
0.025
0.034
0.020
0.027
0.034
0.034
0.021
0.023
0.022
0.018
0.022
0.019
0.023
0.022
0.028
0.023
0.027
0.017
0.024
0.037
0.019
0.020
0.029
0.033
0.022
0.028
0.032
0.023
0.019
0.032
0.028
0.021
0.019
0.020
0.022
0.017
0.024
0.028
0.020
0.020
0.027
0.017
0.021
0.035
0.028
0.019
0.022
0.028
0.024
0.036
0.034
0.023
0.022
0.028
0.024
0.019
0.027
0.036
0.023
0.025
0.020
0.021
0.027
0.029
0.023
0.021
0.024
0.032
0.030
0.023
0.022
0.024
0.033
0.020
0.019
0.026
0.020
0.023
0.026
0.026
0.017
0.020
0.021
0.019
0.018
0.034
0.032
0.016
0.024
0.023
0.015
0.022
0.019
0.018
0.032
0.017
0.018
0.025
0.016
0.016
0.026
0.017
0.012
0.009
0.009
0.018
0.018
0.016
0.018
0.015
0.015
0.018
0.018
0.018
0.018
0.018
0.018
0.018
0.017
0.021
0.017
0.018
0.021
0.018
0.017
0.019
0.015
0.018
0.020
0.017
0.015
0.011
0.016
0.018
0.015
0.015
0.018
0.015
0.007
0.016
0.017
0.018
0.019
0.018
0.019
0.018
0.013
0.016
0.019
0.020
0.016
0.018
0.012
0.019
0.020
0.018
0.016
0.046
0.016
0.019
0.014
0.008
0.020
0.024
0.019
0.017
0.018
0.020
0.016
0.019
0.019
0.016
0.019
0.017
0.019
0.017
0.016
0.019
0.019
0.014
0.018
0.016
0.014
0.008
0.016
0.019
0.019
0.017
0.018
0.015
0.019
0.021
0.016
0.018
0.018
0.016
0.019
0.017
0.019
0.017
0.014
0.016
0.017
0.016
0.018
0.016
0.018
0.020
0.017
0.018
0.018
0.017
0.019
0.016
0.018
0.018
0.014
0.007
0.014
0.016
0.018
0.057
0.014
0.015
0.015
0.014
0.015
0.016
0.019
0.018
0.019
0.018
0.018
0.018
0.015
0.019
0.017
0.019
0.020
0.028
0.020
0.022
0.018
0.016
0.024
0.018
0.024
0.025
0.021
0.029
0.019
0.019
0.022
0.020
0.035
0.020
0.021
0.020
0.019
0.029
0.027
0.022
0.018
0.017
0.018
0.009
0.018
0.019
0.015
0.012
0.016
0.016
0.018
0.017
0.025
0.018
0.020
0.020
0.024
0.019
0.018
0.032
0.019
0.016
0.020
0.024
0.014
0.018
0.015
0.019
0.016
0.017
0.019
0.020
0.016
0.018
0.018
0.016
0.016
0.026
0.017
0.016
0.024
0.025
0.018
0.021
0.020
0.021
0.028
0.021
0.021
0.026
0.019
0.008
0.007
0.015
0.018
0.018
0.018
0.016
0.019
0.019
0.018
0.018
0.019
0.017
0.009
0.013
0.019
0.017
0.007
0.018
0.015
0.018
0.015
0.018
0.019
0.018
0.019
0.019
0.018
0.018
0.016
0.019
0.036
0.023
0.024
0.020
0.021
0.032
0.022
0.026
0.031
0.020
0.018
0.015
0.021
0.012
0.018
0.018
0.016
0.015
0.018
0.017
0.015
0.020
0.018
0.018
0.018
0.019
0.014
0.018
0.018
0.017
0.018
0.024
0.018
0.021
0.028
0.018
0.021
0.022
0.018
0.020
0.008
0.018
0.018
0.018
0.018
0.019
0.019
0.018
0.015
0.018
0.017
0.019
0.026
0.017
0.019
0.019
0.017
0.020
0.024
0.027
0.023
0.020
0.015
0.026
0.018
0.015
0.019
0.018
0.018
0.015
0.019
0.014
0.018
0.014
0.016
0.010
0.021
0.017
0.020
0.027
0.017
0.021
0.018
0.027
0.023
0.018
0.033
0.021
0.019
0.016
0.018
0.017
0.018
0.018
0.018
0.018
0.018
0.018
0.018
0.016
0.018
0.014
0.023
0.024
0.025
0.019
0.023
0.031
0.024
0.019
0.016
0.022
0.025
0.018
0.024
0.018
0.016
0.014
0.018
0.018
0.018
0.018
0.019
0.018
0.018
0.018
0.016
0.035
0.031
0.023
0.019
0.017
0.023
0.029
0.022
0.018
0.029
0.025
0.021
0.026
0.016
0.019
0.015
0.018
0.018
0.018
0.019
0.018
0.015
0.009
0.018
0.020
0.013
0.024
0.019
0.016
0.024
0.020
0.019
0.021
0.023
0.015
0.024
0.020
0.019
0.023
0.018
0.016
0.018
0.018
0.017
0.018
0.019
0.018
0.017
0.018
0.027
0.027
0.024
0.026
0.026
0.026
0.018
0.024
0.028
0.016
0.023
0.024
0.018
0.027
0.019
0.017
0.018
0.016
0.018
0.019
0.018
0.016
0.015
0.018
0.017
0.018
0.019
0.018
0.019
0.019
0.015
0.019
0.018
0.016
0.022
0.025
0.025
0.020
0.023
0.016
0.024
0.026
0.030
0.025
0.019
0.017
0.026
0.017
0.022
0.023
0.018
0.017
0.018
0.017
0.018
0.018
0.018
0.016
0.019
0.017
0.018
0.019
0.023
0.015
0.022
0.028
0.015
0.023
0.018
0.014
0.023
0.030
0.016
0.027
0.026
0.014
0.018
0.014
0.015
0.019
0.017
0.018
0.015
0.019
0.015
0.022
0.018
0.015
0.019
0.010
0.010
0.018
0.017
0.018
0.023
0.018
0.016
0.021
0.021
0.016
0.025
0.015
0.016
0.018
0.018
0.017
0.018
0.018
0.017
0.014
0.018
0.019
0.018
0.018
0.015
0.017
0.030
0.016
0.027
